8.05412491899915e-05
7.651418854948133e-05
7.268847548402846e-05
6.905404734425247e-05
6.560134352184832e-05
6.23212763457559e-05
5.920521289226599e-05
5.624495315714739e-05
5.343270458979532e-05
5.076106754131615e-05
4.822301343665458e-05
4.5811862946720794e-05
4.352126779849641e-05
4.134520349907689e-05
3.9277943869819865e-05
3.731404649442993e-05
3.544834544300102e-05
3.367592944414355e-05
3.199213097104803e-05
3.0392524422495626e-05
2.8872897019027732e-05
2.7429252440924756e-05
2.6057789000333287e-05
2.4754899641266093e-05
2.3517153749708086e-05
2.234129533462692e-05
2.1224230295047164e-05
2.0163019144092686e-05
1.915486791403964e-05
1.819712451833766e-05
1.7287267837673426e-05
1.6422904081991874e-05
1.560175951453857e-05
1.4821671356912702e-05
1.4080587789067067e-05
1.3376557944866363e-05
1.270773009309778e-05
1.2072343452018686e-05
1.1468726370367222e-05
1.089528996089939e-05
1.035052537190495e-05
9.832999239733908e-06
9.341349141323008e-06
8.874281775206327e-06
8.43056750454707e-06
8.009039447642863e-06
