0.009999999776482582
0.009999999776482582
0.009499999694526196
0.009025000035762787
0.008573750033974648
0.008145062252879143
0.008145062252879143
0.007737808860838413
0.007350918371230364
0.0069833723828196526
0.006634203717112541
0.006302493624389172
0.005987368989735842
0.005987368989735842
0.005688000470399857
0.005403600167483091
0.00513342022895813
0.004876749124377966
0.004632911644876003
0.004401266109198332
0.004181202966719866
0.003972142934799194
0.003972142934799194
0.0037735358346253633
0.00358485896140337
0.003405615920200944
0.0032353349961340427
0.0030735682230442762
0.0029198897536844015
0.002773895161226392
0.002635200275108218
0.002503440249711275
0.0023782681673765182
0.002259354805573821
0.002146387007087469
0.00203906768001616
0.0019371142843738198
0.0018402585992589593
0.0017482456751167774
0.0016608333680778742
0.0015777916414663196
0.0014989019837230444
0.0014239568263292313
0.0013527589617297053
0.0013527589617297053
0.0012851209612563252
0.0012208649422973394
0.0011598216369748116
0.0011018305085599422
0.0010467389365658164
0.0009944019839167595
0.0009446818730793893
0.0008974477532319725
0.0008525753510184586
0.0008099465630948544
0.0007694492232985795
0.0007309767534025013
0.0006944279302842915
0.00065970653668046
0.0006267211865633726
0.0005953850923106074
0.000565615831874311
0.0005373350577428937
0.0005104683223180473
0.0004849449032917619
0.0004606976581271738
0.0004376627621240914
0.0004376627621240914
0.00041577962110750377
0.00039499063859693706
0.0003752410993911326
0.0003564790531527251
0.0003386551106814295
0.00032172235660254955
0.00032172235660254955
0.000305636232951656
0.0002903544227592647
0.0002758367045316845
0.0002620448649395257
0.0002489426115062088
0.00023649547074455768
0.0002246707008453086
0.00021343716070987284
0.00020276529539842159
0.0001926270342664793
0.00018299567454960197
0.0001738458959152922
0.00016515360039193183
0.00015689591236878186
0.00014905112038832158
0.0001415985607309267
0.0001415985607309267
0.0001345186319667846
0.00012779269309248775
0.00012140305625507608
0.00011533289944054559
0.00010956625192193314
0.00010408793605165556
9.888353815767914e-05
9.393935761181638e-05
8.924238500185311e-05
8.478026575176045e-05
8.05412491899915e-05
