16.05574328105184
28.490920415061638
33.12761232219103
32.096334163007825
34.52177313374876
45.19943403360837
47.535977409860195
48.477207346739554
50.82852647152441
50.07831784857838
48.81234566191445
50.66163489506853
51.17213453550886
50.71605899420268
52.60653461066902
51.84808068490434
50.210718096633066
52.138191044913505
53.0349320034893
51.864750457746645
52.92907248184711
52.37101682904457
53.391805651342715
53.73302300942707
53.49311621322861
54.12535243570999
53.91324846117808
53.58033949471825
53.960138093847455
54.41589500328177
54.26831252066173
53.82716989805151
54.70854462432237
54.53449500724686
54.57697890175167
55.58979382764999
55.07224399778774
54.745511914943336
55.454709222994424
55.65576747816861
54.90316475150067
55.09031815156773
54.83778456280967
55.52008015123378
55.59728579011405
55.50110823822359
55.34572683106009
55.69232895721849
